v=[2.54777e-07 -2.945e-08 -1.11022e-15;
0.0159074 -0.000917303 4.07452e-13;
0.0607613 -0.00333977 3.70814e-13;
0.130008 -0.00674834 -4.44089e-14;
0.219787 -0.0107098 -1.44329e-14;
0.326158 -0.0147879 6.66134e-15;
0.44562 -0.0186023 -6.66134e-15;
0.574857 -0.0218004 -1.33227e-14;
0.71084 -0.0240682 2.33147e-14;
0.850791 -0.0251266 4.44089e-15;
0.992192 -0.0247325 -1.77636e-14;
1.13279 -0.0226786 4.44089e-15;
1.27057 -0.0187932 8.88178e-15;
1.40382 -0.0129406 -1.22125e-14;
1.53104 -0.00502076 0;
1.65102 0.00503069 1.66533e-14;
1.76279 0.0172422 -2.22045e-15;
1.86565 0.0316065 -2.55351e-14;
1.95917 0.0480805 1.11022e-14;
2.04316 0.0665856 1.22125e-14;
2.1177 0.0870067 -1.11022e-14;
2.18312 0.109196 4.73317e-30;
2.23985 0.132988 -3.33067e-15;
2.28836 0.158221 8.88178e-15;
2.32909 0.184738 -6.66134e-15;
2.36247 0.212385 -2.22045e-15;
2.38892 0.241012 9.99201e-15;
2.40887 0.270476 1.11022e-14;
2.42271 0.300634 -9.99201e-15;
2.43083 0.33135 -1.55431e-14;
2.43363 0.362492 1.88738e-14;
2.43148 0.393932 2.22045e-15;
2.42475 0.425545 -1.77636e-14;
2.41379 0.457212 2.22045e-14;
2.39895 0.488817 -7.77156e-15;
2.38057 0.520249 -1.77636e-14;
2.35898 0.5514 1.44329e-14;
2.3345 0.582168 -8.88178e-15;
2.30744 0.612455 4.44089e-15;
2.27809 0.642165 2.22045e-15;
2.24675 0.671208 -5.55112e-15;
2.2137 0.699498 0;
2.1792 0.726953 1.11022e-15;
2.14353 0.753497 -1.11022e-15;
2.10694 0.779054 6.66134e-15;
2.06966 0.803557 5.55112e-15;
2.03194 0.826939 -1.11022e-14;
1.99399 0.849141 4.44089e-15;
1.95603 0.870106 -5.55112e-15;
1.91827 0.889781 -4.44089e-15;
1.8809 0.908118 1.66533e-14;
1.8441 0.925073 -6.66134e-15;
1.80806 0.940607 -7.77156e-15;
1.77294 0.954684 8.88178e-15;
1.7389 0.967272 3.33067e-15;
1.70609 0.978345 -5.55112e-15;
1.67464 0.98788 -2.22045e-15;
1.64468 0.995859 5.55112e-15;
1.61634 1.00227 -4.44089e-15;
1.58973 1.00709 -6.66134e-15;
1.56493 1.01033 6.66134e-15;
1.54206 1.01198 1.11022e-15;
1.52118 1.01204 0;
1.50237 1.01052 5.55112e-15;
1.4857 1.00743 -5.55112e-15;
1.47121 1.00279 -7.77156e-15;
1.45895 0.996616 7.77156e-15;
1.44895 0.988928 -1.11022e-15;
1.44124 0.979756 -6.66134e-15;
1.43583 0.969132 1.33227e-14;
1.43273 0.957092 -4.44089e-15;
1.43194 0.943678 -2.22045e-15;
1.43344 0.928932 1.33227e-14;
1.4372 0.912904 -1.77636e-14;
1.4432 0.895648 6.66134e-15;
1.4514 0.87722 -1.11022e-15;
1.46174 0.857681 -1.33227e-14;
1.47416 0.837097 2.9976e-14;
1.4886 0.815539 -1.44329e-14;
1.50496 0.79308 -1.55431e-14;
1.52317 0.769799 1.88738e-14;
1.54312 0.745777 2.22045e-15;
1.56471 0.721103 -8.88178e-15;
1.58781 0.695865 -6.66134e-15;
1.61231 0.670161 0;
1.63806 0.644089 4.44089e-15;
1.66491 0.617752 2.22045e-15;
1.69272 0.591259 1.11022e-14;
1.72131 0.564722 -8.88178e-15;
1.75052 0.538256 -2.22045e-15;
1.78015 0.511983 6.66134e-15;
1.81001 0.486018 -8.88178e-15;
1.8399 0.460446 6.66134e-15;
1.86959 0.4353 -2.22045e-15;
1.89887 0.410566 0;
1.92748 0.386179 -5.55112e-15;
1.95517 0.362026 1.11022e-14;
1.98167 0.337947 -5.55112e-15;
2.0067 0.313729 -8.88178e-15;
2.02997 0.289113 1.55431e-14;
2.05117 0.263791 -1.22125e-14;
2.06999 0.237403 0;
2.0861 0.209543 7.77156e-15;
2.09915 0.179756 -8.88178e-15;
2.10878 0.147536 4.44089e-15;
2.11464 0.112328 0;
2.11635 0.0735427 -2.22045e-15;
2.11359 0.0306452 6.66134e-15;
2.10611 -0.0167807 8.88178e-15;
2.09376 -0.0690263 -9.99201e-15;
2.07649 -0.126259 -4.44089e-15;
2.0543 -0.188523 3.33067e-15;
2.02732 -0.255736 -4.44089e-15;
1.99574 -0.327695 2.22045e-15;
1.95985 -0.404071 4.44089e-15;
1.92002 -0.484411 -2.22045e-15;
1.8767 -0.568139 -8.88178e-15;
1.83046 -0.654554 1.55431e-14;
1.78192 -0.742832 -4.44089e-15;
1.73181 -0.832024 -2.22045e-15;
1.68093 -0.921058 4.44089e-15;
1.63019 -1.00874 -9.99201e-15;
1.58048 -1.09388 2.22045e-15;
1.53263 -1.17535 5.55112e-15;
1.48739 -1.25216 -4.44089e-15;
1.44544 -1.32341 -6.66134e-15;
1.40736 -1.38832 1.55431e-14;
1.37366 -1.44621 -6.66134e-15;
1.34476 -1.49651 0;
1.32103 -1.53877 -3.33067e-15;
1.30272 -1.57261 -6.66134e-15;
1.29002 -1.59781 9.99201e-15;
1.28303 -1.61423 -2.22045e-15;
1.28179 -1.62183 -2.22045e-15;
1.28624 -1.62069 4.44089e-15;
1.29625 -1.611 6.66134e-15;
1.31159 -1.59305 -7.77156e-15;
1.33198 -1.56726 0;
1.35704 -1.53412 9.99201e-15;
1.3863 -1.49426 -9.99201e-15;
1.41924 -1.4484 -4.44089e-15;
1.45524 -1.39738 9.99201e-15;
1.49364 -1.34208 -8.88178e-15;
1.53383 -1.28336 2.22045e-15;
1.5752 -1.22201 1.11022e-14;
1.61722 -1.1588 -1.22125e-14;
1.65937 -1.09445 -2.22045e-15;
1.70117 -1.02961 3.33067e-15;
1.74219 -0.964924 2.22045e-15;
1.78203 -0.900952 -5.55112e-15;
1.82032 -0.838228 4.44089e-15;
1.85676 -0.777236 5.55112e-15;
1.89104 -0.718413 -1.11022e-14;
1.92293 -0.66215 2.22045e-15;
1.95221 -0.608793 2.22045e-15;
1.97872 -0.55864 -1.11022e-15;
2.00231 -0.511945 4.44089e-15;
2.0229 -0.468915 -4.44089e-15;
2.04042 -0.42971 -2.22045e-15;
2.05486 -0.394446 9.99201e-15;
2.06624 -0.36319 -1.11022e-14;
2.0746 -0.335965 8.88178e-15;
2.08005 -0.312748 -5.55112e-15;
2.08271 -0.293469 -6.66134e-15;
2.08275 -0.278012 1.44329e-14;
2.08039 -0.266216 -4.44089e-15;
2.07586 -0.257872 2.22045e-15;
2.06945 -0.252726 -1.22125e-14;
2.06147 -0.250482 6.66134e-15;
2.05226 -0.250828 4.44089e-15;
2.04211 -0.253466 -1.33227e-14;
2.03132 -0.25811 2.10942e-14;
2.02013 -0.264493 -1.33227e-14;
2.00878 -0.272357 8.88178e-15;
1.99751 -0.281464 3.33067e-15;
1.98649 -0.291586 -1.77636e-14;
1.97591 -0.302513 1.22125e-14;
1.96592 -0.314046 -4.44089e-15;
1.95664 -0.326004 1.11022e-14;
1.94819 -0.338219 -2.9976e-14;
1.94065 -0.350537 4.44089e-15;
1.93409 -0.362819 2.55351e-14;
1.92856 -0.374941 -1.77636e-14;
1.92406 -0.386792 1.55431e-14;
1.92061 -0.398279 4.44089e-15;
1.91817 -0.409318 -2.66454e-14;
1.91671 -0.419845 2.22045e-14;
1.91617 -0.429807 1.11022e-15;
1.91645 -0.439168 -1.9984e-14;
1.91744 -0.447903 1.22125e-14;
1.91902 -0.456001 -5.55112e-15;
1.92109 -0.46345 0;
1.92353 -0.470238 7.77156e-15;
1.92624 -0.476358 -2.22045e-15;
1.92914 -0.481798 0;
1.93214 -0.48655 -9.99201e-15;
1.93516 -0.490607 6.66134e-15;
1.93815 -0.49396 -3.33067e-15;
1.94103 -0.496603 2.44249e-14;
1.94377 -0.49853 -2.22045e-15;
1.94632 -0.499735 -2.44249e-14;
1.94865 -0.500212 9.99201e-15;
1.95073 -0.499959 -1.44329e-14;
1.95254 -0.498969 1.44329e-14;
1.95408 -0.497241 5.55112e-15;
1.95534 -0.494772 -8.88178e-15;
1.95634 -0.49156 -2.22045e-15;
1.95708 -0.487604 2.22045e-15;
1.95759 -0.482902 -3.33067e-15;
1.95791 -0.477456 4.44089e-15;
1.95806 -0.471264 3.33067e-15;
1.9581 -0.464329 -2.22045e-15;
1.95806 -0.456655 -5.55112e-15;
1.95798 -0.448246 8.88178e-15;
1.95789 -0.439108 0;
1.95783 -0.429251 -1.11022e-14;
1.95783 -0.418682 1.44329e-14;
1.95791 -0.407414 -5.55112e-15;
1.95812 -0.395459 -4.44089e-15;
1.95846 -0.382832 -2.22045e-15;
1.95897 -0.369548 -6.66134e-15;
1.95966 -0.355625 2.10942e-14;
1.96056 -0.341083 -6.66134e-15;
1.96168 -0.325941 -6.66134e-15;
1.96303 -0.310222 0;
1.96464 -0.29395 4.44089e-15;
1.9665 -0.27715 0;
1.96864 -0.25985 -4.44089e-15;
1.97105 -0.242077 6.66134e-15;
1.97375 -0.223862 -5.55112e-15;
1.97672 -0.205237 0;
1.97999 -0.186234 -1.11022e-15;
1.98354 -0.16689 -4.44089e-15;
1.98737 -0.147239 8.88178e-15;
1.99148 -0.127321 -3.33067e-15;
1.99586 -0.107174 -2.22045e-15;
2.0005 -0.0868409 2.22045e-15;
2.00539 -0.0663633 -4.44089e-15;
2.01051 -0.0457857 2.22045e-15;
2.01585 -0.0251542 4.44089e-15;
2.0214 -0.00451626 -8.88178e-15;
2.02714 0.0160791 6.66134e-15;
2.03303 0.0365812 0;
2.03907 0.0569379 1.55431e-14;
2.04522 0.0770952 0;
2.05146 0.0969978 -2.44249e-14;
2.05775 0.116589 2.55351e-14;
2.06407 0.13581 -9.99201e-15;
2.07039 0.1546 -1.55431e-14;
2.07666 0.172898 1.44329e-14;
2.08285 0.190642 -1.11022e-15;
2.08893 0.207767 -6.66134e-15;
2.09485 0.224214 -4.44089e-15;
2.10058 0.239924 4.44089e-15;
2.10609 0.254843 -1.11022e-15;
